0 0 0 0 0 0 0 1.0 0 0 0 0 0 0 0 0 0 
0 0 0 0 0 0 0 0 0 0 0 0 0 0 0 0 0 
0 0 0 0.261904761905 0.595238095238 0 0 0 0 0 0.0952380952381 0 0.0238095238095 0 0.0238095238095 0 0 
0 0 0.5 0 0.227272727273 0.272727272727 0 0 0 0 0 0 0 0 0 0 0 
0 0 0.833333333333 0.166666666667 0 0 0 0 0 0 0 0 0 0 0 0 0 
0 0 0 0.0576923076923 0 0 0.025641025641 0 0 0 0.185897435897 0 0.307692307692 0.423076923077 0 0 0 
0 0 0 0 0 0.031007751938 0 0 0 0 0.0232558139535 0 0.031007751938 0.0542635658915 0 0 0.860465116279 
1.0 0 0 0 0 0 0 0 0 0 0 0 0 0 0 0 0 
0 0 0 0 0 0 0 0 0 0 0 1.0 0 0 0 0 0 
0 0 0 0 0 0 0 0 0 0 0 1.0 0 0 0 0 0 
0 0 0.00666666666667 0 0 0.0322222222222 0.00333333333333 0 0 0 0 0.0433333333333 0.463333333333 0.314444444444 0.105 0.0316666666667 0 
0 0 0 0 0 0 0 0 0.0952380952381 0.238095238095 0.619047619048 0 0 0 0 0.047619047619 0 
0 0 0.00193798449612 0 0 0.062015503876 0.00516795865633 0 0 0 0.538759689922 0 0 0.31976744186 0.0536175710594 0.0187338501292 0 
0 0 0 0 0 0.107317073171 0.0113821138211 0 0 0 0.460162601626 0 0.40243902439 0 0.0105691056911 0.00813008130081 0 
0 0 0.00769230769231 0 0 0 0 0 0 0 0.484615384615 0 0.212820512821 0.0333333333333 0 0.261538461538 0 
0 0 0 0 0 0 0 0 0 0 0.279411764706 0.0294117647059 0.142156862745 0.0490196078431 0.5 0 0 
0 0 0 0 0 0 1.0 0 0 0 0 0 0 0 0 0 0 
