
PB0:1970,1;1971,1;1976,2;1980,1;1981,2;1983,1;1985,1;1986,7;1987,7;1988,10;1989,10;1990,21;1991,11;1992,21;1993,13;1994,19;1995,18;1996,13;1997,16;1998,10;1999,30;2000,28;2001,32;2002,33;2003,51;2004,52;2005,52;2006,41;2007,44;2008,42;2009,34;2010,61;2011,69;2012,88;2013,95;2014,1;
PB1:*itens sem ano,7;1982,1;1984,1;1994,1;1995,1;2000,2;2001,1;2002,1;2010,2;
PB2:1982,2;1984,2;1989,1;1991,2;1993,1;1994,1;1995,1;1998,1;1999,1;2000,1;2001,1;2003,1;2005,2;2006,1;2007,1;2008,3;2009,2;2010,3;2011,2;2013,2;
PB3:*itens sem ano,3;1997,1;1999,1;2001,1;2002,2;2003,1;2005,1;2006,1;2007,1;2008,1;2009,1;
PB4:*itens sem ano,1;1971,3;1973,3;1974,4;1975,4;1977,4;1978,6;1979,8;1980,4;1981,6;1982,6;1983,2;1984,9;1985,9;1986,4;1987,13;1988,4;1989,7;1990,24;1991,21;1992,12;1993,29;1994,10;1995,37;1996,24;1997,40;1998,19;1999,42;2000,20;2001,50;2002,20;2003,45;2004,22;2005,59;2006,13;2007,49;2008,7;2009,45;2010,19;2011,53;2012,5;2013,10;
PB5:1980,2;1986,1;1992,1;1993,2;1995,1;1997,1;1999,1;2000,2;2001,1;2002,2;2003,11;2004,2;2005,8;2006,1;2007,3;2008,13;2009,7;2010,5;2011,5;2012,4;
PB6:1969,3;1985,1;1986,3;1987,2;1988,5;1989,4;1991,7;1992,11;1993,2;1994,8;1995,9;1996,2;1997,3;1998,2;1999,8;2000,4;2001,7;2002,10;2003,16;2004,16;2005,10;2006,24;2007,19;2008,20;2009,20;2010,14;2011,36;2012,34;2013,12;
PB7:2012,1;2013,2;2014,1;
PB8:1978,1;1982,1;1984,1;1987,1;1988,1;1989,2;1990,1;1991,3;1992,4;1993,2;1995,2;1996,2;1997,2;1998,4;1999,13;2000,7;2001,5;2002,7;2003,9;2004,6;2005,16;2006,15;2007,11;2008,21;2009,18;2010,24;2011,46;2012,34;2013,19;2014,1;
PB9:1990,1;1993,1;2000,4;2001,5;2002,1;2004,1;2005,2;2007,1;2008,1;2009,2;2010,3;2011,3;2012,2;2013,3;2014,1;
PT2:2012,1;
PT4:2003,3;2004,3;2005,1;2006,1;2007,4;2008,2;2009,3;2011,1;
PT5:1980,2;1982,1;1994,1;1999,1;2000,1;2001,2;2002,1;2006,1;2007,3;2008,8;2009,8;2010,5;2011,2;2012,1;2013,2;
PA0:1991,1;2004,1;
OA0:2009,1;2011,1;2012,1;2013,6;2014,1;
OA1:2007,1;2008,5;2009,1;2010,1;2011,2;2012,8;2013,3;
OA2:2008,2;2009,1;2010,2;2012,9;2013,10;
OA5:2006,1;2012,4;2013,20;2014,3;
OA6:2013,1;
OC0:1996,1;2000,1;2001,2;2002,1;2003,1;2004,1;2005,3;2006,2;2008,6;2009,3;2010,4;2011,5;
OC1:1990,1;1991,1;1995,2;1996,3;1998,4;1999,4;2000,1;2001,6;2003,1;2004,4;2005,4;2006,2;2007,3;2008,5;2009,6;2010,3;2012,6;2013,4;
OC2:1980,1;1981,1;1982,1;1987,2;1990,2;1991,2;1992,1;1994,2;1995,2;1996,4;1997,2;1998,3;2000,5;2001,2;2002,2;2003,6;2004,3;2005,3;2006,2;2007,6;2008,6;2009,4;2010,13;2011,4;2012,7;2013,6;
OC3:2010,1;
OC4:2009,2;2010,4;2011,3;2012,2;2013,2;
OC5:1979,1;1984,1;1986,5;1987,2;1989,1;1990,1;1991,3;1992,5;1993,4;1994,4;1995,1;1996,3;1997,7;1998,1;1999,2;2000,1;2001,3;2002,3;2003,2;2004,6;2005,11;2006,8;2007,11;2008,19;2009,21;2010,15;2011,13;2012,9;2013,5;2014,1;
OC6:1988,1;1989,1;1990,1;1994,3;1995,2;1997,1;1999,2;2004,3;2005,2;2006,1;2007,4;2008,3;2009,2;2010,2;2011,1;2012,1;2013,1;
Pm:1990,1;1991,1;1996,1;1997,2;1999,2;2001,1;2003,2;2004,1;2006,3;2007,4;2008,4;2009,2;2010,6;2011,3;2012,1;2014,1;
Pj:1962,1;1978,1;1988,2;1994,2;1995,3;1997,1;1998,4;1999,1;2000,3;2001,5;2002,4;2004,2;2005,4;2006,3;2007,7;2008,5;2009,1;2010,7;2011,5;2012,7;2013,6;2014,1;
PB:*itens sem ano,11;1969,3;1970,1;1971,4;1973,3;1974,4;1975,4;1976,2;1977,4;1978,7;1979,8;1980,7;1981,8;1982,10;1983,3;1984,13;1985,11;1986,15;1987,23;1988,20;1989,24;1990,47;1991,44;1992,49;1993,50;1994,39;1995,69;1996,41;1997,63;1998,36;1999,96;2000,68;2001,103;2002,76;2003,134;2004,99;2005,150;2006,96;2007,129;2008,108;2009,129;2010,131;2011,214;2012,168;2013,143;2014,4;
PT:1980,2;1982,1;1994,1;1999,1;2000,1;2001,2;2002,1;2003,3;2004,3;2005,1;2006,2;2007,7;2008,10;2009,11;2010,5;2011,3;2012,2;2013,2;
PA:1991,1;2004,1;
OA:2006,1;2007,1;2008,7;2009,3;2010,3;2011,3;2012,22;2013,40;2014,4;
OC:1979,1;1980,1;1981,1;1982,1;1984,1;1986,5;1987,4;1988,1;1989,2;1990,5;1991,6;1992,6;1993,4;1994,9;1995,7;1996,11;1997,10;1998,8;1999,8;2000,8;2001,13;2002,6;2003,10;2004,17;2005,23;2006,15;2007,24;2008,39;2009,38;2010,42;2011,26;2012,25;2013,18;2014,1;
Ep:1978,1;1980,1;1982,3;1984,1;1986,1;1987,2;1988,3;1989,3;1990,3;1991,3;1992,3;1993,2;1994,3;1995,3;1996,8;1997,7;1998,8;1999,15;2000,15;2001,12;2002,15;2003,14;2004,24;2005,33;2006,41;2007,26;2008,25;2009,31;2010,35;2011,49;2012,31;2013,36;2014,3;
Eo:1992,2;1993,1;1994,3;1996,3;1998,2;1999,1;2000,6;2001,1;2002,2;2003,3;2004,2;2005,7;2006,3;2007,6;2008,5;2009,8;2010,7;2011,10;2012,6;2013,12;