0 0 0 0 0 0 0 52.0 0 0 0 0 0 0 0 0 0 
0 0 0 0 0 0 0 0 0 0 0 0 0 0 0 0 0 
0 0 0 5.5 12.5 0 0 0 0 0 2.0 0 0.5 0 0.5 0 0 
0 0 5.5 0 2.5 3.0 0 0 0 0 0 0 0 0 0 0 0 
0 0 12.5 2.5 0 0 0 0 0 0 0 0 0 0 0 0 0 
0 0 0 3.0 0 0 1.33333333333 0 0 0 9.66666666667 0 16.0 22.0 0 0 0 
0 0 0 0 0 1.33333333333 0 0 0 0 1.0 0 1.33333333333 2.33333333333 0 0 37.0 
52.0 0 0 0 0 0 0 0 0 0 0 0 0 0 0 0 0 
0 0 0 0 0 0 0 0 0 0 0 2.0 0 0 0 0 0 
0 0 0 0 0 0 0 0 0 0 0 5.0 0 0 0 0 0 
0 0 2.0 0 0 9.66666666667 1.0 0 0 0 0 13.0 139.0 94.3333333333 31.5 9.5 0 
0 0 0 0 0 0 0 0 2.0 5.0 13.0 0 0 0 0 1.0 0 
0 0 0.5 0 0 16.0 1.33333333333 0 0 0 139.0 0 0 82.5 13.8333333333 4.83333333333 0 
0 0 0 0 0 22.0 2.33333333333 0 0 0 94.3333333333 0 82.5 0 2.16666666667 1.66666666667 0 
0 0 0.5 0 0 0 0 0 0 0 31.5 0 13.8333333333 2.16666666667 0 17.0 0 
0 0 0 0 0 0 0 0 0 0 9.5 1.0 4.83333333333 1.66666666667 17.0 0 0 
0 0 0 0 0 0 37.0 0 0 0 0 0 0 0 0 0 0 
