6386160375587649
8170800329568830
7907141457776285
4960030568504765
4634520021964406
5571527465158124
4980343694090946
2904099489779348
5220108626651921
0743751784443412
2021264878089025
9624642322598710
3093081734480598
3193435909206442
3246522810445778
7784197682091397
6502085395622858
6024077393559967
5145746733559381
0212903304070041
4910241356954777
9602401782941997
5964404207962453
5683173895633539
3227960726368791
1679521449885627
3731258324542889
1583097083941240
9866882903898608
7563241826313933
0665337720676309
6443348814893849
6118325967319836
8569092697701159
4064167617597951
0918230852307211
8745793746115276
1898007894731106
2452093782004130
0274178450389594
0874365894115009
8563876963887343
9888320802954176
7800457753903934
5929929597248132
3531438717974837
9152932863563017
6302335455946656
6785188300928500
5593320981499946
0070075836730697
0560397297282156
1293997710322506
7619123120528320
7715068232217980
3326569119643929
6998899580853674
1959593757995698
0797184091750613
3325984959083987
3498788836155706
9834064292823626
5479908105361167
2442195224442173
4940570292072179
1040674537708729
7334416029938485
0249180079791522
5786572823204807
6577400790830679
3251079293038925
2772507532078148
7692608256704259
7632507725711416
6217296674061205
5309135806351452
4482175736711280
5586146042736788
6807629067093113
3100589408992280
0261097850107880
5286018442434607
8115214034446520
7175000735822504
4351190607357917
6131254635390932
5203420446734237
9999089384519443
1322892095929658
5694317864851364
3405663333345112
2735798774043363
0005097277970476
8227933586403761
3484549442503230
8398704568012847
5215976260958847
7869069020062706
1877680675513329
6050302316049061
4044332658989430
6461328124491559
9852476120941871
5301042982020325
1203357643381228
2701172317925881
5993352890364998
4904110645828237
6783433390235727
0182913191398135
7267008888748559
6604074224038905
0301569503177054
2766994184017905
8207007315403264
4041074873610104
5060331747038283
3561249104649341
3235309329772519
3761041649501034
4214052608204228
7533729699758819
4033994493756291
0794170311040612
9625378227733107
1727283700680766
7913813209624175
5020146811497161
8647189769261714
3566686185759241
2387042577153246
7263451944814370
2529820182221048
7057603141934226
2834884009618571
3784957422020764
2474284374033405
3699315472815625
7028641124588965
3371420014445349
3776930018035107
7251832308585788
5644678454186682
2080099102941335
5465487139767529
7315120489907985
7565192274317470
7070166380084691
2816734777509936
7818012155694188
0810409099810641
6538341799051577
2674519495572013
2396227073782239
3136957928937275
1383721602050848
3461562538781465
0084852448457050
5033748295813730
9138028556380501
8433337664853964
0152063930197631
5721520314214791
9224426261471914
1055961687614089
6909210031549032
9454672552048719
0193877963735121
1961031595980971
6152977495146749
5613639525786606
5749826588453772
8228256552194180
4571576796878402
6078837006280296
2391150803081508
6206019832371404
2013221011534072
0923886564574568
4023778019418442
3107924103069456
7760594994793832
8809843174160878
3552786990319870
1392056173467992
7694307270326437
2532196350732703
8308889925426110
6934363555573390
6633128047030621
5495322642019035
8093445823577036
5193649615872035
6158036609486608
7768163469697986
2994730977287565
5927371795409877
5623828846627003
7639545624771929
8402039210177387
8975592323807707
2354075525144050
5501765043823151
7317677564128141
5455867834427820
8170237658770465
0477458434260268
3682164446043270
7884065757129773
9343614961799283
6099501384622339
1040135935908734
0103722914813250
6853427939982300
1487184052521972
4347351326873820
4754944655427183
5699746686380656
8589619380578672
1314901111475602
2152475967461496
5855311472949245
9683055091801104
2529857821887600
7784631596235602
0950945299316608
3748594477326830
5044188561421973
5950653046708846
5978368858095560
2451709645240904
8676273277777200
3038423724170608
3888989549947742
6730251976463283
7980776221942950
5982597921345094
1202697743293320
8006056983459984
2293659295741000
5261342237805398
3911808984710384
8259109725413086
7430102726026121
6728166498098286
2994629623840653
1810363999683507
8120961379770859
5079537490443444
0933520670880119
1543738193935256
1095776371615284
4962367580602499
6282450259303560
5240243263075069
8026851010202199
0854534935631310
9217930367595325
5443100596356812
2471253575035214
7042610114875903
9866317366272905
8106379565365909
5987553890906600
4831140960842422
4267460859773462
3189560061312056
1148996277628251
9305671671519068
5313696806283523
8534168969619850
1906384541282982
1944839179408780
6431248791688009
2200669861570507
4750103333164046
6198675526578478
4786238645104345
3410762224235180
3944020856408245
4603448084663107
5364364905861471
1506079358157267
