0 0 0 0 0 0 0 52.0 0 0 0 0 0 0 0 0 0 
0 0 0 0 0 0 0 0 0 0 0 0 0 0 0 0 0 
0 0 0 8.0 15.0 0 0 0 0 0 2.0 0 1.0 0 1.0 0 0 
0 0 8.0 0 5.0 3.0 0 0 0 0 0 0 0 0 0 0 0 
0 0 15.0 5.0 0 0 0 0 0 0 0 0 0 0 0 0 0 
0 0 0 3.0 0 0 5.0 0 0 0 28.0 0 36.0 42.0 0 0 0 
0 0 0 0 0 5.0 0 0 0 0 4.0 0 5.0 6.0 0 0 37.0 
52.0 0 0 0 0 0 0 0 0 0 0 0 0 0 0 0 0 
0 0 0 0 0 0 0 0 0 0 0 2.0 0 0 0 0 0 
0 0 0 0 0 0 0 0 0 0 0 5.0 0 0 0 0 0 
0 0 2.0 0 0 28.0 4.0 0 0 0 0 13.0 227.0 169.0 55.0 25.0 0 
0 0 0 0 0 0 0 0 2.0 5.0 13.0 0 0 0 0 1.0 0 
0 0 1.0 0 0 36.0 5.0 0 0 0 227.0 0 0 155.0 31.0 14.0 0 
0 0 0 0 0 42.0 6.0 0 0 0 169.0 0 155.0 0 6.0 5.0 0 
0 0 1.0 0 0 0 0 0 0 0 55.0 0 31.0 6.0 0 32.0 0 
0 0 0 0 0 0 0 0 0 0 25.0 1.0 14.0 5.0 32.0 0 0 
0 0 0 0 0 0 37.0 0 0 0 0 0 0 0 0 0 0 
